 N = [10,20,30,40,50,60,70,80,90,100,];
Strategy_TitForTatMobility_NoneAlpha_2_00 = [5200939769.00,4384188937.00,4196946674.40,3858795887.60,3700163805.00,3589099442.40,3478120889.60,3409602180.00,3349745037.90,3314553900.00];
Strategy_TitForTatMobility_NoneAlpha_2_50 = [37269585115.60,29703666617.20,25492318916.10,23870713110.80,22528695660.50,21693736458.60,20176309236.30,20023379391.20,19605391002.00,19391869339.00];
Strategy_TitForTatMobility_NoneAlpha_3_00 = [260276493219.00,198326147922.40,169972778556.60,145105742598.80,139712937367.00,131289404364.60,126380048179.00,120101015400.00,121367693024.10,116672050590.00];
Strategy_TitForTatMobility_NoneAlpha_3_50 = [1854103810125.00,1287733772190.40,1043619836451.00,919941819162.40,858810867491.50,826621753502.40,774473140231.00,751613105219.20,726933463880.40,721542756995.00];
Strategy_TitForTatMobility_NoneAlpha_4_00 = [14790477230681.00,9073493123527.60,7214461859592.00,6141924757368.40,5617494801640.00,5150843808633.60,4923412371338.30,4915655500052.80,4593450134698.20,4420892180436.00];
Strategy_TitForTatMobility_RandomWaypointAlpha_2_00 = [3425700250.80,2937825309.00,2695772434.80,2530835291.20,2414898876.50,2350194986.40,2281953466.80,2225114127.20,2208017407.50,2171397297.00];
Strategy_TitForTatMobility_RandomWaypointAlpha_2_50 = [22080807269.30,17271855862.60,15011255618.40,14005147518.80,13282062667.50,12681012594.00,12251389455.90,12022488601.60,11744318602.80,11571230957.00];
Strategy_TitForTatMobility_RandomWaypointAlpha_3_00 = [136911239615.60,103036529853.00,86507676736.20,79575524753.20,73824354586.50,70075913561.40,68620590437.70,66026113012.00,64471123890.90,63405893715.00];
Strategy_TitForTatMobility_RandomWaypointAlpha_3_50 = [921720956936.20,625681100714.80,527832961837.20,460708170783.20,425866374895.00,402475183021.80,384034024583.30,373712766371.20,362446740574.20,357349365912.00];
Strategy_TitForTatMobility_RandomWaypointAlpha_4_00 = [6422414993424.80,3960206392381.00,3147044684526.60,2717378425381.20,2469894464669.50,2330038634716.20,2227698102588.70,2146203880966.40,2080238751333.00,2046278063198.00];
Strategy_CoopMobility_NoneAlpha_2_00 = [5218342217.40,4097073972.20,3615716100.30,3448176663.20,3315985763.00,3306331014.00,3184929573.00,3151968231.20,3095008777.80,3065201665.00];
Strategy_CoopMobility_NoneAlpha_2_50 = [31261873604.80,24697171084.40,21733142158.50,20559262789.60,19819321984.00,18738917652.60,18666625786.20,17929709552.80,17981731063.80,17765849053.00];
Strategy_CoopMobility_NoneAlpha_3_00 = [224730517005.80,158184414683.60,136566953064.00,124992534764.00,117542277694.50,112359718355.40,109225144171.50,109989792852.00,108341407152.90,107206554602.00];
Strategy_CoopMobility_NoneAlpha_3_50 = [1534845953986.10,1022247961599.60,839488567119.30,778041085391.20,706558958154.50,709874938180.80,655947178401.90,668798911162.40,661583245813.20,647379134495.00];
Strategy_CoopMobility_NoneAlpha_4_00 = [10226777921352.30,6379215766221.40,5233163791818.60,4885097488076.80,4627694842942.00,4328536337286.00,4303277370585.20,4122912519243.20,4065879738375.00,4099035446521.00];
Strategy_CoopMobility_RandomWaypointAlpha_2_00 = [3160365444.90,2649011709.60,2406491137.20,2275748064.00,2200840681.00,2144032830.60,2094018590.30,2066522306.40,2045200685.40,2023581947.00];
Strategy_CoopMobility_RandomWaypointAlpha_2_50 = [19018803763.30,14698663761.80,13083535565.40,12319731910.80,11669172049.00,11409471882.60,11103297799.30,10912335860.80,10762113188.70,10675554964.00];
Strategy_CoopMobility_RandomWaypointAlpha_3_00 = [117127609779.90,82435526801.60,71959038270.30,67280562238.40,64415342749.00,62123955874.20,60342619864.10,59215775267.20,58848985187.10,58294835467.00];
Strategy_CoopMobility_RandomWaypointAlpha_3_50 = [705506518326.10,485760271404.60,407963521727.70,382558965406.80,360884652895.00,349639452161.40,339964535901.20,332586097568.80,328342334985.90,326086714420.00];
Strategy_CoopMobility_RandomWaypointAlpha_4_00 = [4413781695502.30,2864621632368.20,2389177708811.40,2193118178129.20,2078035612007.00,2027680235251.80,1947770909442.40,1913533202186.40,1884046327885.80,1882907469910.00];
Strategy_WinStayLoseShiftMobility_NoneAlpha_2_00 = [5222033327.10,4528170666.00,4070085768.90,3912266767.20,3712561312.50,3593053221.60,3431654916.90,3388211224.80,3391663430.70,3306003061.00];
Strategy_WinStayLoseShiftMobility_NoneAlpha_2_50 = [39738868237.20,29147497492.00,26259327882.00,24359047556.00,23132403614.50,21470236872.60,20665802482.50,20432913927.20,19917293724.90,19685277496.00];
Strategy_WinStayLoseShiftMobility_NoneAlpha_3_00 = [264293424238.50,201462093809.60,169176098268.90,154343822202.80,139513889365.50,132189759033.60,128626692683.30,122346430176.80,122347476226.80,118307945738.00];
Strategy_WinStayLoseShiftMobility_NoneAlpha_3_50 = [2136219216295.10,1409333458929.80,1110720828237.00,976151695448.80,895141728062.00,811774289621.40,800542216900.30,750504111856.00,749103988353.30,719804248758.00];
Strategy_WinStayLoseShiftMobility_NoneAlpha_4_00 = [14910456763882.70,9802814083904.00,7228039086960.30,6567568846263.60,5741460180984.00,5207134515630.00,5121951994509.70,4735226834678.40,4729938237915.30,4524601246637.00];
Strategy_WinStayLoseShiftMobility_RandomWaypointAlpha_2_00 = [3521275304.10,2999866359.20,2751209207.40,2565413959.20,2440311352.00,2365150696.20,2313675723.80,2250684986.40,2213639048.70,2185162105.00];
Strategy_WinStayLoseShiftMobility_RandomWaypointAlpha_2_50 = [21836158368.20,17824244632.60,15399161076.60,14295867899.60,13443965599.00,12879753073.20,12398616517.70,12003700848.80,11793107152.80,11646919805.00];
Strategy_WinStayLoseShiftMobility_RandomWaypointAlpha_3_00 = [148261790677.40,108986276983.40,90216456342.00,80833640926.00,75377779204.00,71402829892.20,69226808438.90,66378555861.60,65423569702.50,64019056378.00];
Strategy_WinStayLoseShiftMobility_RandomWaypointAlpha_3_50 = [1014129524443.00,667596955517.00,545865821161.20,469135772806.80,430871300815.50,408101826968.40,389129380067.40,375860922446.40,366915030836.40,359866839402.00];
Strategy_WinStayLoseShiftMobility_RandomWaypointAlpha_4_00 = [6962716051089.40,4373759497437.20,3216527639169.60,2805935324972.80,2513656187451.50,2370256900943.40,2246208683427.80,2166886199010.40,2114350847914.50,2063945849651.00];
Strategy_DefMobility_NoneAlpha_2_00 = [5577316632.70,5194922367.40,5156985596.10,5114539650.00,5120274614.00,5105716470.60,5008277053.50,5076676456.00,5081723381.70,5036722718.00];
Strategy_DefMobility_NoneAlpha_2_50 = [42288771816.30,40289434750.80,40152057405.30,39169736175.60,40498379085.50,39499442924.40,39241013320.60,39468710536.00,39705827675.40,39357335885.00];
Strategy_DefMobility_NoneAlpha_3_00 = [344124344369.40,324224889178.60,326075795085.60,321585834418.80,311017591405.00,316427221140.60,312142255054.70,318339720800.00,314120690479.80,313124543815.00];
Strategy_DefMobility_NoneAlpha_3_50 = [2893502822358.70,2538025972820.60,2578321378922.70,2609686260776.00,2558507424758.00,2545218456780.00,2564268751572.50,2555589812546.40,2538540940694.40,2540948248075.00];
Strategy_DefMobility_NoneAlpha_4_00 = [24039064357753.50,21873117530531.80,21708739874394.30,21117520841730.80,20905525113394.50,20908307346480.60,21074243375423.70,20734923276048.00,21710045613696.30,20955501977619.00];
Strategy_DefMobility_RandomWaypointAlpha_2_00 = [3631418831.30,3472545718.40,3433485395.10,3426816985.60,3391967281.00,3387288529.20,3387968600.80,3384192652.80,3369490787.70,3357281459.00];
Strategy_DefMobility_RandomWaypointAlpha_2_50 = [26667411906.60,25003838392.40,24386527217.70,24167466072.40,24213053572.50,24042333321.60,23965669707.00,24012462850.40,23891099999.40,23922765038.00];
Strategy_DefMobility_RandomWaypointAlpha_3_00 = [195831202764.70,181373984396.40,177349712228.10,176513882978.00,175011626051.50,174042754957.20,173516568741.60,174778090124.80,173649890377.80,174317459254.00];
